-9976.53110246471
-13467.111248483337
-20189.967024272657
-25296.76284209626
-30420.63818778644
-38186.22481903162
-45957.49261912426
-52607.79090126833
-55279.444908124635
-60963.695177803245
-65989.36250716263
-72245.98889922848
-75551.7153827734
-84065.9251085904
-86207.2917258678
-93017.76367685273
-98134.22596253986
-99508.8971317013
-106103.21721244253
-113530.55743941103
-119659.99796731789
-126587.99844991018
-131510.07203742207
-134989.42472503724
-142178.38304326462
-150855.88301157302
-160095.16413969334
-170854.19561274035
-180053.28000028644
-190018.09689450072
-198406.04988573765
-207754.35207264574
-206579.10293147853
-211533.5047860753
-211957.90391461976
-216259.24400052713
-217354.33224071132
-218031.35207830602
-218022.61480306368
-224266.0642501464
-234410.298085495
-239641.89308050802
-238605.38848781562
-234576.67833472305
-230907.09199486044
-235494.26084807247
-237849.15428876897
-245139.73765477163
-245572.57962794547
-254479.4821581788
-248460.86475998003
-248143.41391746205
-246843.79312737464
-255910.88277142216
-251866.46327839754
-237789.70019165744
-238823.62651537516
-242689.45314871625
-241768.84733242344
-247498.82284539044
-248918.0390054377
-254927.31996549008
-254246.0800543324
-249708.84661027687
-248511.80855606718
-241068.75325923137
-247298.1046823584
-251189.10169540223
-240425.88105918505
-224509.84462159532
-228206.6836854255
-233336.5231720652
-224176.52843381697
-216049.2858411459
-211027.72041838907
-207331.49827156073
-211886.6043613522
-202298.08750253957
-202412.37696446225
-204827.41858311943
-209664.30651958456
-213836.71739662884
-215821.39229967457
-210664.51967272809
-210191.0346812471
-200398.77772047892
-184292.58148385922
-177287.94302370428
-165715.4757701739
-166953.68587683476
-165697.22134168504
-161364.28346641007
-162500.06617627954
-145759.07159594487
-147842.19534197915
-140240.2065363148
-128741.28197421273
-130333.5427326115
-134657.56320375626
-123491.41057429937
-118367.39574255525
-108619.05356430291
-96340.8889485408
-89310.56482049951
-77587.68513431623
-53842.664434384234
-50821.127159287396
-51795.74213444108
-51400.273751233646
-42328.616296993954
-43434.234423231785
-38406.722305729105
-26994.0833657582
-13605.647203813467
12898.836228487462
23505.787241308393
42241.066937235
67221.40490894465
87022.30419537648
88309.45168045445
111501.41980561125
119052.22668778352
131853.7317984391
138353.95138934997
147492.74101289257
168084.69831699858
185867.79858988087
175950.62715073256
200783.46484009075
222731.5382785103
241760.05048657287
267342.6804355581
286101.2592094915
291745.1624419363
302482.86459105747
322013.6639638125
335299.55762010854
350404.1169550873
373761.2436160094
402578.35297644674
414308.7594478916
434036.58013053215
451650.92718709505
479764.1325322862
503775.33564354543
536976.3656770533
545732.3187070899
565270.8119492339
583706.1449275195
604962.2207487484
623415.6171543092
654144.9339241671
668652.8970032176
699347.4089712291
725894.1403751418
746917.6603720082
768195.2411829574
792519.297647632
795999.2387565244
822320.105622287
847625.701247128
857895.2906761979
866548.9620294038
881670.2314404616
894308.7615782778
918903.7164669445
926857.0934507734
954649.4814410846
971528.148002733
980228.4158908857
998792.9953401521
1017987.3547014515
1035872.2515139654
1062985.4573158042
1087894.4569782082
1112855.2504960515
1142287.8338463292
1175042.1482772485
1195476.4236049443
1216756.5134124057
1236062.575645068
1264437.5058460056
1298395.6216170576
1318710.9898660677
1343975.2017500505
1365347.7589899395
1379871.176671682
1411940.703133509
1433564.7282661623
1464116.5604842792
1479522.4240566567
1505236.2062000101
1522456.5209637359
1553329.9021143343
1573856.329178703
1593305.9699174806
1622725.448078345
1644724.5809507794
1662617.8865959363
1695976.0235169325
1716920.7317547519
1741408.1889030468
1762053.0576529333
1793642.7428652607
1818045.0908467192
1844919.362204836
1870884.2290121932
1883619.1780223444
1912580.2827903226
1938251.9862622037
1952337.5728744366
1976409.8217228882
2004061.0036945061
2018127.065980996
2043297.630710312
2073938.3309257664
2095030.3075747509
2119601.671310311
2148517.813827356
2168936.9539818144
2188051.952866889
2213768.7880378305
2235883.5430545853
2258889.282116203
2295798.408558828
2317241.303786388
2334367.613393752
2364228.0223524277
2392268.878842921
2416594.8030476696
2430061.233247167
2452572.477050402
2484455.8071186333
2518495.4517401922
2536607.3658037316
2564190.318724703
2585584.7393633765
2610925.759772044
2637014.531029072
2661749.389454371
2686662.8524774
2716756.361147416
2742949.9270485346
2763983.885594149
2789999.165537268
2813509.632912581
2844384.9445761726
2856757.5959927975
2886569.179647189
2913349.9828666663
2941119.188385686
2965659.971703819
2998447.6566304592
3011722.9440342155
3041690.499624235
3069922.3731317203
3093123.834748129
3126002.0705526858
3155572.0799673665
3181716.993577952
3206839.8666801807
3236935.0074856244
3263040.5055107395
3284247.308567582
3315994.575798729
3342895.1061882824
3367072.483360115
3398293.6113752513
3425217.7101709666
3456249.135926975
3482593.0337287844
3502566.095311389
3530399.4722281746
3549812.265387639
3570387.069268794
3584496.265992072
3611104.3315279684
3642548.0992966415
3670278.3518208703
3685668.8591795736
3707935.7397136665
3731432.166539135
3768774.2009105966
3796416.289688601
3821148.2454376956
3848854.283095918
3878404.081646856
3913722.1059523444
3946423.998392426
3965381.968664019
3997846.421877127
4027840.6816142094
4059000.4228201555
4088586.538351432
4113583.0455296095
4140588.9540139385
4166870.8999665105
4190552.3032969246
4217869.272448272
4245290.877495391
4275883.582668838
4298938.891021613
4326031.131134291
4362046.232794292
4392667.654487273
4416461.69510386
4440726.302946096
4475177.1567683285
4504362.28423819
4534407.620893251
4562994.537361652
4588644.429722767
4616996.380040882
4646659.980009694
4671743.0016666865
4710243.632264019
4724784.555519968
4757373.791370609
4792829.18401758
4824182.571880469
4854820.973357267
4881309.883161832
4911757.844182005
4937825.966620278
4964490.079411777
4982855.839430649
5007702.667553006
5034192.135610668
5060339.890178041
5086464.098667406
5119447.531638911
5153120.035816856
5182344.653411621
5211582.33198398
5247651.743637024
5275090.4864144735
5303270.443844908
5337223.20884638
5360461.536328378
5379514.971986121
5411200.367141266
5445810.983850294
5468826.691667875
5497201.1791379675
5523961.303832059
5549993.02096999
5575114.897931737
5602145.190671877
5629803.797158426
5651203.572768591
5682706.572692911
5717906.269518628
5741942.910189778
5772673.689135174
5811475.009214725
5840588.354800562
5866423.266992478
5897796.530370555
5926765.545248684
5948649.48203137
5977687.802490991
5998950.109415267
6026684.346892068
6045174.952398315
6078856.694782407
6117317.048121005
6139423.826743229
6170314.377503308
6200769.275188274
6225176.9733216865
6248744.372892956
6268445.330646227
6298902.236031453
6333580.313095936
6360082.868319133
6387372.452603475
6413363.0948110465
6444031.066531006
6472332.027979426
6506156.57130002
6529675.10016894
6566244.0635707155
6593292.647198698
6615433.843149175
6650225.933997908
6686475.430344582
6711049.006163683
6744634.210484901
6779180.369931184
6806839.8024866255
6835289.505994242
6869461.420009004
6895446.54193799
-10386.614156435842
-16069.470191853932
-22191.67223570618
-26411.12860102928
-10970.169489103853
-16872.777842485393
-10559.25521640764
-13586.629539388743
-24136.506903023143
-25121.254219491686
