-8748.082821364193
-11963.926610703957
-16259.961171319683
-19571.651725746964
-20261.388471181184
-30530.193879019687
-36874.94393584322
-46689.95606780752
-48500.73132694208
-56551.73023115596
-62306.53043114831
-65927.10927698053
-67617.364732066
-70891.16508386645
-77209.81813849114
-80363.48544262548
-81875.29317302874
-90086.68881515964
-96884.25234223981
-96758.29404848024
-102096.74388499554
-107638.56812526441
-113813.69015156178
-119758.74195443504
-127918.3725589761
-132687.4099346298
-136389.35458428727
-147072.09537976712
-154806.72395933027
-160873.18636000957
-168872.6061148421
-175773.1501172614
-179744.49222077613
-185711.8507216699
-186940.20227658644
-186005.10274940543
-184206.5149673311
-183638.30432461092
-177970.96417585417
-183807.7799804992
-173719.43256144293
-169830.6077581562
-174264.63785598648
-180532.92410075731
-180850.65244754928
-190632.59006517314
-197875.60348775174
-205274.40942283423
-205233.96404094197
-197330.78727355224
-201417.68675386487
-207348.34396531305
-204388.94961440892
-207513.39547415345
-197548.54107534472
-203391.66327891982
-198863.47963886708
-201561.9873001436
-204961.59156618206
-199853.25369771363
-198308.75715493222
-192872.19993303463
-196932.38450417764
-198360.1119680962
-203968.0535011846
-209765.860939537
-213747.60835064307
-216163.3580762811
-218269.16484470494
-208711.36146602334
-205445.62702177805
-191040.6132478899
-193045.6886404422
-197390.33122302158
-191257.55650063464
-174582.30210527682
-174552.71907256928
-176724.37783790336
-163291.7218748291
-150921.07632382226
-139505.67042992474
-130524.39863131205
-114092.58552859128
-106993.22002496828
-113110.63997349578
-106440.86736452857
-107607.59776846044
-101521.38050107748
-81416.95908469566
-69378.49405360174
-61780.18307882375
-54287.47074978946
-48177.47158000149
-37759.16604219311
-20883.34473758851
-2681.8969252098423
6296.1336941345035
18011.54892468383
24239.41713779092
26277.74752185268
43888.530876261255
53068.49400853222
52876.55870680827
52641.723279540456
60391.07083293972
73147.52986632581
93171.85985617491
102503.24184410609
125079.7205748123
132439.69014558737
143150.6917172465
161628.14477874644
183363.28094261975
197262.0175022644
212387.5008875428
232124.2288680066
240917.629041306
263451.5956749581
286616.47934436105
298795.24665978516
319653.82050154003
333806.7385398685
335199.8787602915
349012.42193299276
376151.94738139544
402491.7999796734
408819.51514435845
435382.9951814801
457209.96666836966
466096.0144372648
475171.93186912127
507891.35623388464
529753.7260456417
550364.656615213
570388.1498571369
585970.3872311694
595531.9844160934
628417.7515171816
645459.7346919596
659696.7724776726
666620.1944184529
682880.1828789436
701072.7125691788
717012.8901042274
726401.8168697157
743984.8671842195
757659.264937218
771857.9304075532
797286.1522217612
821161.9442011217
835279.8687809454
863011.106146521
889006.9322739559
911072.0230640213
934285.4226374441
959813.8339857094
975794.215097231
994536.7366479742
997972.0664776602
1017928.2642850296
1038264.3022664554
1059310.6857166742
1073169.531190395
1089811.764222209
1089835.6844095937
1115786.644800056
1131142.5216430493
1160151.7101625518
1185891.1734669963
1207707.2032649475
1223501.9297714399
1245304.087252711
1266465.7543047024
1292692.4900077695
1315161.8828751026
1339563.8057472764
1367890.478893242
1386713.0090189143
1410411.4074350423
1439393.450156772
1468859.0123707242
1495281.8731170127
1513101.983211375
1542038.1135122622
1564851.0522350895
1585464.6716570146
1615950.8816141265
1642445.837947846
1670540.9833169982
1692425.688046273
1700128.9227613423
1726370.733754579
1757771.7968135003
1780928.561890189
1809888.469466746
1824447.7259677886
1850421.5088257703
1860431.3915278076
1884311.4437106801
1910076.4464021472
1939077.1031399101
1969013.7219629919
1994877.216752875
2011798.0569719726
2037585.9888050423
2059822.5802467763
2078875.3328654026
2096463.19469316
2099932.858003276
2127334.586426569
2159065.538480788
2182104.630921823
2214721.265984812
2240964.896108352
2256440.9974753116
2282253.969877874
2297500.3445881065
2324558.2498977
2349544.329861878
2367512.3542197812
2389551.20060838
2413356.081615352
2428756.37329099
2450198.148734149
2476026.416365087
2504581.3750294675
2526687.412633236
2554820.9866542434
2574187.891865172
2592278.7206147737
2612176.108151588
2635389.1014641654
2661808.5606106413
2682366.7040183037
2712621.152592406
2737657.068893329
2772819.2436441365
2790886.1189108677
2812313.784545414
2838247.655002455
2866040.6088883406
2885821.4701968837
2911576.972633523
2941887.2062565787
2971303.241933582
2995810.452015874
3014713.2181633045
3040885.259676254
3063592.7772834566
3090008.407583304
3123111.7825648026
3140745.0718292557
3166169.6868108064
3188236.145165477
3219053.989913979
3240337.7692625895
3256917.9591810056
3290152.556520905
3311504.4636413483
3337426.5495428536
3375484.5166059528
3399475.902462099
3432353.0408615423
3463172.4828327424
3492206.2108722636
3522328.660007192
3540803.6305300095
3580195.1543514538
3606044.5578580024
3642607.179602794
3679077.0915963138
3713557.9435778847
3736496.7801842215
3766286.613038435
3785434.1959885135
3809466.115040195
3835639.788421807
3856832.5713290675
3889993.1794609134
3915344.0321981763
3939577.6075233347
3968868.2262450876
4006277.1520750322
4038987.2918237546
4056420.933862916
4065968.4174528033
4103801.384691016
4123094.5415830165
4149629.635930331
4162533.724312454
4190551.788866372
4211100.826851205
4218234.091557416
4249149.219609361
4278722.098090692
4298691.967347433
4322907.786530978
4346061.801171462
4378436.818880696
4403215.962883399
4437663.928313315
4472234.317521717
4506897.228342374
4523682.18285328
4551709.229688672
4577843.311736431
4608635.221607739
4635669.637759049
4662389.142059078
4701091.016161201
4724628.014515459
4759029.339819531
4780434.75390672
4805169.445647359
4806950.508899834
4835524.971241454
4864297.018339839
4894009.230225701
4922836.15546008
4956774.366557188
4986207.6889497675
5020092.808744054
5044968.968997767
5069035.722464534
5099678.260828403
5127982.311541751
5154666.946747585
5180747.315022206
5206316.31112158
5236274.36365672
5264597.067522012
5296957.999368528
5317718.550019511
5343478.116382152
5377441.18385441
5412043.062598699
5441955.900080317
5462534.507951309
5489833.898963028
5519175.618154438
5552195.557657431
5577227.123109519
5605812.509499063
5630212.363722041
5654461.89549869
5686614.484991217
5704841.4552815445
5737118.133861224
5763473.790575275
5802825.711840623
5830535.530183628
5855133.852549443
5892885.651453023
5921491.323411289
5953313.070391221
5980205.5624294225
6004305.800394036
6033490.1802232675
6069221.081261085
6104218.628806107
6138376.474692152
6159138.573186027
6193998.078363247
6224276.651430125
6252411.564932768
6271861.811732536
6296531.943887271
6324406.518445317
6354771.42319657
6386225.280320201
6419841.9018199295
6452663.998023829
6474829.08300431
6502674.20761107
6534788.837065289
6566357.072077685
6599125.493639189
6632166.252058781
6664993.899130621
6690839.641857959
6727602.341648639
6758586.34190414
6779098.587071135
6803800.290260736
6825176.077862841
6862683.584358051
6890963.74700489
6923173.385676627
6956951.642743581
6985177.329137604
7022657.4654159155
7056818.064668652
7093589.340984231
-6294.368499677591
-10421.485536271715
-16399.244331170965
-18804.638167001347
-5574.53219431035
-15342.192610603035
-11901.955354200036
-17012.413558435353
-16980.410935031105
-27711.755413884617
