-9294.224560087792
-17083.185236586767
-21626.078052786124
-29021.77792670799
-36689.03797266134
-42369.36229502461
-46611.74179521669
-53885.22559414256
-63692.05182447016
-69621.08134599883
-75395.39091215126
-81200.87147657009
-87049.55674608581
-90720.46850716858
-95839.03659156579
-103560.89023290946
-108753.23566266248
-115291.71330996856
-121166.9454712911
-128528.77271066548
-134192.22225617923
-136762.99480033232
-141725.56789892435
-145878.25020959994
-149554.32754738303
-153267.02987702878
-156473.61810028867
-159547.01992066187
-161952.37917381417
-164292.19411525817
-166305.98847886716
-167985.59647663805
-169682.00541322047
-171227.87960347612
-173217.52284663133
-175175.3258448592
-177205.33548532112
-179645.3883510283
-180155.26660456814
-181819.12409978049
-182143.77299016755
-183266.7142869868
-183967.30451693104
-182897.55706720593
-183177.12460703374
-182188.2280242256
-180822.03717708855
-179587.04978132815
-178950.6159342957
-178149.45937724647
-178033.60437748654
-176074.7216643268
-173086.5033343785
-169575.90279957998
-171013.34340080534
-171547.16991163488
-169228.9076898752
-166308.54014418612
-169206.60336875817
-171337.82427274087
-159644.94739030726
-157165.03268104183
-156670.48149012597
-151939.03243433224
-147222.5620818484
-143679.1014651636
-139240.0802860832
-135158.26604761975
-129680.09763439407
-123657.10871964559
-121820.68860338368
-118595.9780777724
-115026.27401727291
-110296.27373703508
-104903.00341662187
-100080.19503534699
-97509.89349510087
-94350.00946331288
-93512.32010417017
-92105.1007692957
-87944.33211079404
-81548.74986845159
-74880.17768039987
-68393.84688430054
-62297.82964606472
-56351.93413935999
-49002.01111962936
-42791.57494936407
-39758.051587100104
-30583.032887833535
-32497.64162722761
-27647.480324646483
-17133.44346592838
-18174.080979984574
-17061.46408361435
-10982.24308949362
-2943.0563391563555
4780.613588756713
8195.496159988536
12951.969083011312
19043.277057247917
23744.79716628519
29440.366588236437
48918.20837081327
55828.7033188867
58494.35726713476
74247.25118226113
73904.62955682258
78861.99895882678
81898.40612847017
84283.43060572165
88188.4277819283
100731.92046701234
109884.9640756731
115981.39839903411
127246.04963450636
137629.42787385764
143898.3753976595
149269.32900503563
153868.9111299933
170102.74709624762
184964.59546526367
178044.57821357768
194771.23735314413
202717.64137756548
216624.34907836214
217416.73223406522
236390.53755888226
248911.98053413426
267135.27210074937
284141.4600753699
299940.3519431497
319357.8099503831
325837.6841244351
334307.50795193395
340341.85258977866
350715.961293092
364037.4650850847
380272.97965219925
409052.7938168949
429800.7144825546
442268.3618896062
459951.9538642394
468836.7274017776
488979.51338260755
496490.50218193355
519316.3856668042
519854.26475845993
547173.7408103086
555805.9281512579
562965.7423595058
574405.8305067207
593796.5014867809
619652.4924483991
630855.3594908541
640442.3121173179
653537.7114638552
670838.9626377929
673033.2593396831
675906.5586287356
684525.3772701895
707949.1522080624
727048.7728142174
730741.4728320582
756813.2689602685
778193.6616168536
804368.4050887768
833480.3854634293
853959.9594692643
877645.4056034748
880792.9739946318
897550.1988393147
922212.704624993
931302.8492253029
945876.2900269857
972296.3313170113
982156.9135754899
1006810.7582654274
1020246.0649280448
1031643.640404334
1043803.3602606651
1063741.332698968
1092219.6684847767
1107159.4583724234
1123899.0594871426
1151138.099877225
1162851.9538523406
1187403.4339288378
1218281.0123027752
1235162.6265640967
1251340.526234002
1263630.0484636766
1288647.363163677
1310009.9343633798
1329496.8511661636
1338321.896556704
1369414.8763658055
1392711.6894074425
1402574.8395071353
1414652.4212109966
1440102.1404666211
1461554.4219428652
1490103.0446010435
1507940.9916241288
1524894.0407381682
1547886.591490218
1568201.6644530438
1594389.7925092895
1625862.5305855551
1640536.5860451974
1661083.1239471745
1676223.1106081365
1708680.1976124218
1737634.0140754387
1752051.3581933014
1782382.3206619096
1809978.7411787903
1835193.0469669292
1861054.5778211353
1887714.1136151839
1910389.925372864
1935070.9725614432
1963239.505801788
1992537.30688293
2014189.403148236
2041675.6376961765
2075933.7453888848
2102732.6454918426
2113758.995104149
2133116.4218916916
2152676.1444436675
2174870.3143689726
2191961.0754149384
2223280.5365237487
2247385.8158109114
2269228.9743787865
2281190.673256701
2300959.35002371
2324354.618400933
2353448.826425306
2385079.26862276
2420578.2445446616
2456440.0780242756
2493638.5818864447
2523701.568779618
2543687.548941996
2563753.4402666036
2589583.616850451
2612740.2172848224
2640028.7962746057
2660896.508793641
2689813.0958045726
2711088.9551096247
2735170.410508746
2765685.2961159274
2793390.3091225983
2813578.4480440384
2828856.1977361483
2862631.020335356
2889765.34283529
2910322.228156011
2947009.9420439466
2976075.9729449432
3010907.882788788
