-9999.228667750614
-17061.005427320884
-20768.417121444236
-26917.62161880748
-31239.015807652137
-29286.329498528514
-35596.33908613512
-42442.391905519384
-51748.31609524334
-58688.530164037766
-68430.61941353946
-75779.33613838312
-81334.1176556366
-93661.85179056285
-92013.60704856488
-100228.27095852587
-102949.98118681509
-104407.96719648177
-109348.70042155599
-118896.39781182718
-122822.32030002208
-130280.53861374213
-135404.51040279068
-142803.67050612788
-150332.80769087208
-150626.13779638842
-158411.79541232318
-163700.12233382562
-170911.29761936067
-178866.53218929228
-184788.2964100579
-192623.37112910443
-199797.74059293943
-208868.47181677757
-215018.2623848753
-223810.78444020136
-230313.49892409312
-237054.18124563337
-236516.54821920756
-233614.08124011
-226965.48783583302
-224170.70610365534
-219764.51445903396
-210300.25349111584
-206960.62577422
-205512.68265680646
-202930.95642125298
-207788.77671355056
-211098.0345207526
-191876.5993066956
-196459.24529353518
-201236.63528907477
-198413.00819152113
-202372.39881003494
-198563.8637372507
-195343.74749874813
-203670.0306131212
-207535.53631715293
-199956.34533961306
-196368.08755298247
-195325.25497589746
-180717.44645823856
-181144.68912247705
-185826.08743902275
-186996.47503282042
-172376.66438244644
-164287.1679868114
-155491.76293774965
-152600.19221922627
-147633.0917813569
-152304.28333088307
-151344.04448330708
-148177.7835307567
-143745.27755957944
-142076.7241740941
-120355.86454411261
-123677.4872676125
-104621.99019720122
-92874.81829295451
-82811.6553217797
-79922.85825489926
-76496.67448714834
-78317.36162973863
-83012.62563399703
-75180.08923581513
-67784.90915754078
-66053.02414413542
-52820.69760867697
-52942.584792062946
-42272.23626740693
-45358.172755747306
-43853.23669506426
-25605.561379125742
-11507.31131845968
-5737.5123894423
-4089.9158868112136
-1758.359975287648
106.7941953654188
-4090.8237943503614
3424.119304850054
12661.057008629521
23943.6611271242
22376.272670847677
40748.55829767881
47850.86586299787
53183.4651704504
59424.4234369393
67291.84250455479
89865.60726006923
114243.92732479583
132276.2969693934
140531.9827349737
148877.82711109688
166853.20657793368
192642.84806704478
218379.0845985814
239623.02227264695
244576.45052293598
256493.95946646272
268415.92075692886
271949.146604706
291610.56123854016
302776.9196136912
314308.5107726412
342265.8725249476
373640.2563603602
384059.20695665065
412464.642047393
427186.8276981195
451922.290179854
469291.6221077208
496725.4076785744
512193.33363658824
531302.2457814739
545184.476012476
557636.4395765766
567500.2571459253
594341.1789330776
619441.2380616385
636167.9692407788
642013.1964762288
667887.3519379249
691498.2755266563
714778.7274117935
727101.8526564979
752879.1494448974
765806.3637931878
771971.9028545239
791184.5264414641
816329.2643313914
833681.7428525442
854831.996623487
878882.1160128877
901646.3334349433
926686.6201002677
948812.2799553932
963742.5170163402
977786.7798695405
1001444.1286431123
1016585.0610055306
1043197.0061700938
1049350.9547227435
1062391.0324412335
1079407.74055408
1094938.5599737254
1117309.344639675
1144800.2563252775
1168476.0016651968
1183172.7298097247
1202314.408458474
1224964.6171691485
1253042.4714152287
1270128.000221702
1292692.702142569
1315682.9503496226
1336417.8962673582
1355810.1828442782
1382725.9912212756
1412616.5476191288
1441444.556268426
1457072.676745915
1483925.4017085927
1511166.94258033
1537847.9324349042
1562751.134286243
1587418.8405706172
1610528.6783930333
1633265.3653799628
1660755.0990903121
1686014.4663561394
1707166.5453172694
1728404.5017867705
1748991.2270208867
1775749.6536869628
1800340.4273570331
1816259.381294068
1836213.8618448689
1850384.9219364135
1867112.9360228376
1895713.3727992973
1906725.3014331853
1929403.697472379
1961873.831671689
1978120.7984018049
2001909.6966384507
2029605.0623087739
2053181.4389344777
2087116.0969029646
2107402.370542296
2130583.802828619
2150043.4894532193
2180902.0333818733
2198123.9403988225
2226302.9688414433
2257946.384049029
2285162.9112174883
2312532.7714770557
2330645.6115305778
2355021.223077452
2365209.0007221787
2396568.0164637803
2420798.0549196135
2441414.3062658105
2453995.8776228284
2486134.710360807
2521582.181639451
2544851.141539855
2571216.148024869
2602135.3290677126
2637070.6031954265
2668868.95234782
2688809.792743536
2718006.1354362993
2746791.9086437714
2775071.7312626108
2809840.5531014022
2834840.572392884
2848229.6052814536
2871719.109751372
2899380.331030755
2920400.4243980804
2950647.4308692063
2980172.604126642
3005426.2586413096
3028281.882816051
3061388.9590824735
3088030.6648412403
3112868.0889213746
3141576.153786023
3164658.9870389747
3200620.469741664
3212331.501840615
3222548.874017681
3248877.9059857004
3285775.852863086
3307834.092401194
3335668.852217841
3359756.0851210942
3380844.5402559773
3401678.699913056
3425796.9898714744
3453523.395343372
3471075.340397035
3501432.918640821
3528317.1529895337
3552887.8072989653
3588411.4743366283
3618001.263579506
3645442.2210801262
3667666.798748741
3697571.81536082
3730258.41683381
3754253.127019731
3784453.8575514313
3813974.6950363657
3844401.6404123353
3881843.9792260607
3917502.995449734
3945051.9035642836
3978296.6327269124
4005199.4057599534
4029669.400880343
4056536.455102768
4078114.228562415
4106295.1928346734
4125797.164765657
4151456.873835186
4172863.6458782475
4205925.479400704
4235090.562097516
4269099.60898314
4295691.480513746
4327543.306627907
4351542.192497611
4373957.6995981755
4405535.307355966
4433598.64527642
4460720.979604156
4487857.270217244
4522970.629540857
4556339.955437825
4583214.757847198
4613371.646288419
4642353.775703578
4676965.529416733
4701886.0262031965
4720540.965843762
4743441.747564266
4766598.646905488
4797340.280943356
4828465.857979639
4857141.467999934
4886847.473358781
4915273.692221609
4951664.019290919
4991636.043051514
5014871.201229916
5046155.801655126
5078226.083202225
5106730.826877775
5130197.502897768
5159937.939744023
5187081.240528422
5211904.435857976
5243379.480156999
5266434.76657268
5292583.508594737
5324958.344625596
5357012.802492949
5384496.19507357
5418565.8930439325
5441471.324418946
5473987.399801662
5499478.096261045
5523931.226222601
5551916.6278532995
5573876.938108835
5600744.580467051
5639441.983402874
5663472.25169223
5691098.670197287
5720028.9173003165
5751993.1316313585
5778528.580271987
5807917.430255643
5828198.042043429
5858041.081428121
5891824.418878631
5922656.712190932
5943174.788339279
5973743.712580268
6009974.917877474
6039711.102117366
6071999.324923508
6102648.410101539
6130812.168544121
6158906.953537661
6188238.548310098
6213755.653195736
6232023.716419033
6258638.203846106
6293202.00571387
6320299.0870790575
6351192.76876101
6381079.560399957
6415231.506189434
6445214.341580342
6478610.961143355
6506906.352068821
6529362.099410245
6551911.650699068
6585263.933590285
6624943.408445922
6650427.203021291
6677462.003539167
6709294.42132339
6739785.849937071
6769484.4652570095
6799539.205167659
6829820.796753767
6853670.831084787
6888503.726417885
6920212.599005274
6948205.458038927
6970265.92534151
6998159.835226937
7030223.687894888
7050555.003524202
7085084.525780257
7110147.046676265
7139555.352260407
7168256.590506164
7203569.007257401
-4095.583359089896
-12950.109375395436
-22348.626339055492
-29575.339422428697
-12154.292743326912
-16380.683043109735
-6070.06887126662
-10726.83070309847
-12472.239636768489
-15422.871245386503
