-9349.372876837591
-11868.842582239042
-19495.331376684528
-26511.089271360448
-27759.881025818282
-37202.152933253274
-47857.68221891107
-48702.45730313917
-59366.52184444097
-60515.298105123584
-69720.68137602835
-84422.33620283741
-81845.83838749045
-85184.47757294597
-89777.81357613423
-96633.54554249097
-100416.0404360477
-104637.0945871693
-108845.60674843127
-121570.01546970547
-123228.44873887474
-127582.79113999872
-137977.4503874249
-141140.08983329256
-146594.84440185796
-150845.39831751882
-157502.26899925573
-164702.69754817788
-170949.09159636215
-177332.22849151562
-185527.10670579842
-189160.00650812263
-197904.73564996623
-207958.57386960537
-214734.36014027108
-222250.3825731382
-229314.00879815806
-237499.56860263785
-244011.59781459623
-255078.62452029492
-259076.8526121395
-260336.3883794725
-259777.10134990365
-259315.30797064016
-255918.93113319046
-256732.89440105268
-266735.9776252087
-269823.8176304464
-267444.9667918473
-262629.55743105226
-267744.10307040025
-275045.0355609343
-280536.8758116216
-275544.46955158253
-256674.02970828523
-252774.4218719019
-249180.22137904985
-237437.0424339822
-237013.45224969514
-230639.3095286717
-222887.2680410339
-217045.40564611304
-220516.37410036678
-217253.33370454388
-216945.22577631005
-222249.47825241694
-206359.9603182974
-207545.21232975466
-193978.8950022161
-181892.33782453137
-181296.14797116476
-180415.06981545346
-176366.68076288034
-167323.58169893385
-163769.3982122625
-151869.8104949543
-141724.0688151991
-144736.97598014137
-133690.2695769731
-112018.61824078092
-103186.74079332019
-81376.38546837372
-81399.95002171615
-64266.94639221281
-54038.738064324716
-46842.85706155611
-38509.210472617524
-25781.811339790067
-14083.00792303003
-3563.1195503635763
-1216.894745874411
-1180.9819909363575
19889.48459398193
29464.8089102964
45942.97421029355
61116.463798934536
64546.10046209984
69851.86798836813
75424.2247796204
87497.35937110228
98795.15666370485
105707.02527926612
110805.55573629128
125448.82258519345
133177.04217095498
144409.90330689625
160913.6233717328
174031.40022885858
180873.5178931657
194554.22752490613
221930.07859952873
237704.70947450417
260976.11935951785
272104.16370352946
286197.1594898692
290378.72628492303
304036.2413698977
320502.6976801546
345142.8805803944
361007.89930573135
383671.2840890841
416277.2758128313
437841.5625731041
459088.10904041876
467231.03418880166
482273.9824223328
482466.99635149067
503321.3714610668
514289.92047886306
532617.2486612041
557397.1446993836
572755.2177643271
598319.3700956546
618856.5324722771
639775.3986590494
669753.2309758099
683583.5659513855
697642.6009762431
723503.9397216892
749782.7039976487
764756.6183506068
789135.282577117
806152.4169486561
820038.1883185435
839746.1467681243
857741.2576092032
864583.3925830079
877314.5592814027
894770.7225465344
903168.3205281685
931336.0346647091
943412.1340034645
968014.003991881
1000307.9021164778
1037493.9786522744
1058897.6894691738
1082511.78014952
1110048.8773344976
1130782.4758929426
1140899.6019400752
1158399.3912267298
1179199.1422525854
1191826.7329611073
1211521.9573786608
1222101.9003301112
1252855.5053980106
1270563.7722991034
1289598.6902907675
1311887.1765653586
1321058.5922982888
1348343.0765928163
1375528.0734281295
1388258.0555412131
1408285.1735791753
1430706.5690746056
1455013.8910433783
1474586.717713263
1497521.2821444783
1528164.211090288
1554578.3551568994
1576657.0828143114
1596631.1629070407
1610935.0136140778
1635514.7068590105
1658456.7214136305
1670464.4702870874
1688459.3968032356
1712489.7620923794
1734715.9004960973
1763392.548007595
1781532.7782044327
1803339.6828823364
1827863.7497720835
1844640.1522238979
1856087.2176411934
1880207.959721669
1903616.1758319384
1927260.2839304733
1947728.1873123418
1960187.630177347
1988948.0633612329
2013096.6934788795
2044245.9613467362
2070497.022803607
2099981.813425193
2131740.810945939
2153046.711572437
2173527.6677660984
2194476.287926113
2214389.4702478065
2241798.075184493
2267475.6400659136
2288456.0155954864
2310483.0414717165
2335976.5680356766
2363443.113276888
2386857.2924167216
2411340.2728794664
2442679.60207724
2477189.8290185216
2504334.048200713
2532715.2801237577
2559110.6239533913
2584483.80259992
2606169.3241210002
2633309.5300901164
2658668.4948725053
2690840.227762575
2713422.547362046
2742386.73575573
2766769.643289639
2784217.5383000523
2814060.747481758
2840135.4939037063
2871153.094079226
2903660.7232103595
2930166.4447279167
2960768.709906662
2987823.5833708597
3004138.9147740337
3030013.270025607
3054283.27135368
3090417.5497919936
3122250.5405083387
3159751.6343600918
3185201.746257163
3215306.4937076927
3248811.0144926496
3276034.1924109007
3299454.1142846756
3324101.561093514
3353159.601333009
3381591.889467332
3417541.665268044
3440619.215459648
3476128.927641904
3503629.459216765
3530901.824898941
3563418.3797958745
3582345.340256592
3610857.505869703
3646415.874767223
3674395.263878101
3704999.6877447604
3737636.558731984
3766535.1623183866
3800560.411836279
3831070.590446277
3850839.3244719435
3865012.1537491744
3902305.668498501
3924365.0195128536
3941635.7020044904
3964661.3183153234
3979270.5430736127
4000929.979307472
4028628.0404467075
4042929.528072572
4065731.0944144065
4094137.16192669
4129425.485366412
4158196.1114769876
4190005.070310553
4213969.8918079445
4237150.059929451
4261538.141237287
4290160.71018371
4309048.996151604
4334204.272784466
4354173.919884442
4382031.274432675
4416083.408650461
4446171.851535904
4473389.066351483
4500398.968364037
4534929.464384349
4560443.584823369
4586913.794326345
4608212.2385162525
4637675.848408609
4671091.95840399
4704179.495398142
4732844.141189095
4757225.914196475
4794313.417420117
4828261.861342692
4856521.556076202
4884642.049360228
4903911.549676126
4920712.294541915
4943341.3877465
4976519.260708506
5005004.7818450695
5031653.932946049
5061696.284093628
5082889.854944755
5113508.140191787
5140110.073917181
5176204.62273646
5203040.93679207
5231207.1293013
5258125.181887965
5286393.431357271
5317057.009382742
5346918.031440448
5377893.0812017005
5401419.507839947
5427519.235886014
5451376.728156004
5482515.9257771
5515594.211415717
5549539.021562613
5567652.054228486
5587359.84760714
5614290.739968199
5648234.812042191
5673044.632053705
5702581.69174887
5738001.826445944
5768632.528986795
5790130.43827324
5821066.500885796
5850216.620078235
5874283.741373182
5904589.052072309
5935719.32946134
5969998.266161059
5999853.388976092
6032907.909888797
6061430.999847933
6084841.735755696
6118949.953052586
6150178.88199941
6173431.619517061
6206197.863464702
6230574.272162789
6255681.748314835
6284608.2427426195
6319073.194018963
6346669.423183801
6378205.062278334
6410656.220195575
6439626.79082809
6474516.559526808
6492987.65530594
6526812.279407668
6562236.214318125
6590183.892185983
6618186.958634566
6642671.678490301
6669035.402028843
6697180.105273763
6729720.8630964365
6753353.659831473
6783760.846823885
6808142.973795821
6836963.037306352
6869631.504162891
6891232.407048023
6920325.595388145
6947305.923228591
6976958.126818606
6996105.792694345
7023753.931779535
7047441.252022178
7072053.691847332
7098326.3721876405
7126140.181322143
7159820.611820606
7188257.162850478
7209927.316295702
7235349.898470802
7262446.191592228
-2600.333525782598
-6131.565649877921
-8657.499442418015
-15582.954049785993
-6127.04687197672
-9815.699907783946
-4092.9029135852866
-9593.797838667633
-14029.444583375287
-20983.09289668004
