-10837.064361452058
-13023.949239403697
-13210.043845461125
-19068.621480786354
-25453.573122285823
-31010.93116419594
-35061.1313170875
-42379.75190209422
-49439.53637975374
-53862.358078190926
-56185.608418079304
-68367.91048093713
-73539.90516130673
-76465.57793380042
-86699.25307430617
-95746.58963469708
-102046.89170269745
-107559.28779364467
-109050.80344047926
-121104.96408431999
-121298.6320291771
-130359.82964121687
-132863.0360288149
-141925.1252369277
-147718.77559896774
-153490.4440289598
-161709.4491305639
-168517.51495350918
-171220.18326234852
-171767.35917537689
-182081.81710929808
-186174.9958902251
-195170.67852188574
-199537.15042955373
-204881.82373063694
-214466.17111462483
-221961.98865229683
-230549.115441088
-230994.95976788847
-235613.49714998776
-238287.32919332216
-241117.4195572853
-242593.73965373245
-249507.03221151984
-252750.19991740724
-254247.9094614301
-258280.95783732316
-263501.7572111211
-270854.9055445497
-261971.15171286717
-251843.58674151788
-244421.0391128639
-235732.5329314995
-236669.8195918182
-233719.4563271667
-236617.75264953708
-243269.04803751214
-250393.28176815395
-254834.78572397406
-259517.5129321981
-263469.54518007895
-271109.609467599
-270463.0941191053
-260679.77246054856
-264830.1631271648
-262474.1995261154
-264954.5605481614
-267482.88310190587
-264924.4937931104
-270413.45459395734
-269562.6934876486
-261609.97583101978
-250775.1169861628
-247339.72609552127
-239606.4472275048
-239381.0795957585
-229282.11196027833
-228258.79735090272
-224811.53826788734
-214098.79072018887
-214313.63177627776
-192890.47265717236
-187986.5682997051
-174122.55906933863
-164080.512088367
-168872.8650467809
-171223.821491748
-166099.74577147677
-159274.91147107267
-148002.49602144654
-139222.69505023718
-131645.58635458123
-133888.82507976386
-116739.47302209228
-107907.86303146648
-111004.64032656222
-119099.25003076598
-108826.98755052553
-96010.89502328292
-87133.25077882319
-76819.12514952439
-59312.475019114485
-44326.54634094374
-33939.87361934105
-18485.345069479907
-21355.543714391177
-6928.103088396164
11485.266177930758
23087.507485557442
39970.842011120105
66181.67147459544
86742.92933159905
94380.7329895239
104634.01818603966
120621.68733982746
136021.3611878479
158689.86012654586
184629.8978705467
209695.26028120884
229278.1262843544
245711.28721198338
267028.1710511253
285124.67647280794
300798.47329047124
306711.1609796839
317777.70637397945
345265.2634043328
361363.2597392422
376608.95204320434
397322.3381431393
417450.4383603849
433797.90305510274
453200.5531212907
479962.15179106634
500251.5554158694
525579.0592257003
532946.4103475483
550686.8409870694
584337.1746752078
607593.015312809
628353.9697529441
637089.8791450637
652430.2460168219
672999.9076025703
692942.3062308964
699970.9040344757
730364.6687761343
746259.777391299
772377.2945138263
791740.8192676387
809373.4721817855
817829.0824311511
847827.299564969
871590.6228432797
882524.3131441026
902653.097889292
940807.3065165443
966381.9112978874
985157.8494453965
991548.4889215766
1019113.9838045565
1040683.3721497019
1058154.161880951
1082098.845680399
1108913.9425597615
1143636.459427422
1153182.2753148621
1166417.3951783376
1171310.806873829
1199706.554484326
1213642.2372250971
1233743.6840631703
1252115.887338137
1272643.570737692
1295583.2558518094
1300890.2784308735
1329971.5238455147
1340764.273813722
1343037.4921266695
1357381.3763011773
1390062.6356089169
1417963.4927014858
1436117.5192165247
1452732.810287726
1468320.0167787636
1492342.3641023233
1522915.4159708987
1543342.6658844477
1572300.4749913458
1595043.9212723104
1624209.8056041112
1632583.9776570324
1657234.9710419178
1677681.272574055
1714064.2064948936
1734619.5883777167
1755451.1611824478
1776954.3766442684
1793505.4203397783
1817763.8416951748
1833236.9049818662
1854968.1201232907
1880112.5421754804
1908158.0454753106
1934248.9289729055
1958145.693291531
1975063.1702888017
2000389.074225175
2032088.4852284829
2058648.5196272198
2082577.4836394314
2099459.652067549
2123792.83071391
2154012.7795557594
2171394.426096896
2203130.400162951
2222828.539618877
2249477.778717067
2275864.2279715487
2307553.267118011
2330039.912458434
2345391.2389660873
2365772.0185949993
2395101.0763602327
2430710.998809233
2449208.559312503
2465584.541529416
2493162.9615425086
2517448.776894355
2534257.70579717
2562686.519056496
2588076.2719565867
2612920.384083105
2634034.143649051
2667014.463255506
2688805.214793972
2729027.5629670783
2762476.435798124
2778290.3704129495
2809117.9697853904
2830555.9056938835
2859928.97844978
2886822.2662139125
2915683.230772291
2949767.4181742906
2979941.32225288
3004582.9872659105
3033952.185945223
3054663.595538718
3090063.395624042
3117084.3370735897
3136682.1544138356
3170614.525010499
3183750.001904557
3215607.7902903804
3236692.9855431677
3269263.553175764
3295337.499502357
3312728.521566466
3333561.2025897135
3364412.9317828147
3384278.9047349556
3403413.185096249
3424555.986558755
3452766.2464154228
3484514.106127932
3516135.7261219593
3546435.5186292483
3571640.537259112
3600775.5565659176
3630821.1254086616
3658569.632492359
3675593.8772011413
3708368.69121459
3732874.5733847558
3767105.08975006
3799989.1337508378
3829330.287787105
3854947.6562315677
3875503.275507134
3902555.7714324053
3931208.7962120706
3960258.857964178
3994652.7894215286
4019379.0254952013
4050942.8163397107
4080800.271797672
4108202.5983472853
4132621.6334890253
4163942.9581240737
4196120.357800849
4226280.79082151
4249336.454897831
4269946.184394014
4295000.180529854
4320154.559148144
4349848.51300449
4376775.3188113095
4402475.446116378
4429564.807476997
4455666.735902477
4484292.06877895
4512845.567442835
4541432.087403412
4574415.249891941
4606962.500781823
4639922.358785812
4670022.918270398
4703873.261327432
4730238.122641635
4760833.326300627
4791908.361198556
4816360.142771105
4849515.560724318
4884935.099436843
4913847.96356594
4948161.994628032
4981240.450294596
5007470.6513289325
5031156.057018378
5054520.8598498525
5087374.227621865
5117573.221222869
5144655.601915526
5172871.930156337
5201912.826803022
5231800.796235935
5255278.157319258
5280391.154382179
5304758.790957454
5334773.574849285
5360117.086236154
5384439.681939712
5415284.31521953
5433349.221167994
5456600.539679588
5479786.372230901
5513630.007311671
5532295.869575929
5558089.966850686
5585149.398479577
5620559.8349917205
5637691.818351364
5670727.936152278
5703900.222791623
5733524.4742269805
5763916.142628441
5785494.401265776
5811774.977814966
5839610.879565704
5871017.3486685045
5901609.806797521
5926946.20882798
5957605.755126504
5982269.291999484
6011139.219641291
6042343.485879339
6071866.462421275
6093126.967473901
6121348.021510522
6144522.02666112
6177438.911556667
6204813.112557435
6236491.193078819
6268330.485669572
6298632.791328754
6332542.591632152
6363142.408856034
6394484.805611251
6422753.888927012
6449885.4575696
6478684.281010155
6513096.585922887
6540114.009630988
6565966.190352149
6597948.820468276
6617160.247143996
6644948.21627763
6679315.835058951
6704639.394880501
6738380.617480206
6766426.857750949
6794614.145061892
6821482.933712576
6855432.9215102075
6880501.723004744
6916065.596397692
6942178.346771457
6966354.352730249
6990539.312425213
7022345.34599741
7048243.337327614
7084172.436932448
-2088.187981326263
-7221.198510848541
-10866.676725843221
-17439.875201351937
-6211.142994347195
-9186.875240923242
-11791.01008668245
-16541.966007099596
-19040.249341721574
-24399.375997861287
