-5645.156895596133
-12132.640392235195
-15919.621988748851
-21072.253779884304
-26857.900124781136
-32968.84425288931
-38637.71575566221
-42310.95818314181
-50510.626654785
-58108.89743962831
-62059.650389347655
-69806.95714056576
-78551.28386144606
-83232.68625176931
-87929.27057159423
-93374.48757318624
-98457.014126372
-104934.8574428002
-109633.31197612373
-116253.44214145842
-120149.2340000448
-124644.6615583562
-130092.34676408017
-134456.41286948702
-137261.9809109887
-140810.06245160347
-143439.2713603415
-146730.13353092765
-149127.2563699965
-151058.51273250266
-153425.01117629168
-155645.32181702871
-157303.61567587542
-158686.50259785022
-160359.7682246867
-161897.24725421608
-164327.06341576576
-166404.6945669421
-167860.22987580203
-168075.06588691188
-169248.15883802352
-170091.4024395768
-171508.7653726254
-173222.1804081288
-173221.81067290707
-174312.3313033225
-173212.19492379163
-171708.67676228375
-169226.77984948584
-167563.61313647692
-166430.7117809711
-165105.11435779923
-164662.45377178976
-161734.62689742408
-159468.85880941953
-156348.0882313739
-155357.56356927316
-156641.1965315731
-155030.5919514849
-150674.9766767349
-145292.00377408523
-139816.57832942842
-137378.14176495105
-132079.66949608174
-128346.13892233893
-122929.74137021281
-119146.32586308263
-114129.9221283968
-108759.30479402085
-103287.17599715226
-100018.23818208072
-97668.74123510905
-92508.1014583067
-87249.53787748324
-82412.00359870358
-75893.29078999834
-68252.52517884765
-60976.69101565356
-54229.82281817775
-47244.624911710605
-41505.644530017395
-40967.53788987584
-41034.20213423313
-37727.78156036698
-37552.29904505715
-35075.06084930337
-31989.802558289557
-27712.958700500916
-23620.41706808775
-20916.835200853384
-16782.325427510248
-12569.057977170734
-9948.18792538477
-7069.973433539418
-5117.5054856653605
-3088.7587273727336
2813.7751850091972
9585.882630216616
13340.15294661401
18049.44055479721
16643.70376354838
34474.17162593839
50439.436065698916
66351.18468325044
73785.43667986117
84120.09537904084
88881.55781145205
103532.72483754816
111569.56683876725
110380.15311725101
115009.63146317701
122338.82973051765
120736.15898303795
137746.0925361022
141768.22792574132
140732.85306704952
156411.83445570734
159816.47465072884
165136.42423367396
184673.3825486646
195180.2918793264
202561.22719800728
200485.50582303878
210262.45994681635
217982.80133552072
219641.97312982622
235766.10542961085
248168.29215051746
259821.90220890974
267197.96627017495
272349.14934576396
278122.07037703536
286658.73602302675
310179.9552987675
317800.6702639825
325823.95039594104
334945.04444538796
352736.8921350095
359077.070882932
378142.75419614976
379815.08241653844
382010.874558749
386852.63989751664
403172.4675868296
418691.4024736729
430077.31051532674
438439.23822657263
441261.6607903939
467719.796136124
501099.830966927
514146.44595083274
523074.1299217652
540054.2358356855
560032.4509053671
575061.0581125855
589495.669262409
611108.2213507249
627299.3861879061
646858.633975152
664259.8338348352
684182.3111556381
698450.7961351923
711085.3678233507
735683.8232662304
756685.024168157
785886.5601386683
815197.6941187256
836263.4360729196
851828.0435543089
856709.3700980183
879404.1909992655
899215.2230106475
922276.8826859067
933530.1314296572
944333.5940025337
975847.9493051587
1002235.9304385949
1008463.5302261394
1019248.6202926065
1030351.0434514873
1049054.9343261837
1051258.1227969024
1068029.0711982877
1097329.6017794448
1114980.5078226621
1141533.394897754
1158178.9002464057
1183059.8260037885
1195729.0370763307
1220445.4611900866
1234340.5845169527
1263614.8997280567
1283257.3106283564
1290024.4726135836
1314908.0629493864
1342381.1479050296
1368756.317763198
1382970.4927192747
1402623.6353586554
1424254.6187680147
1449000.3578877612
1468738.8994176735
1488769.0140362668
1512216.095471419
1529422.9466808473
1552946.5845472591
1571562.5146854967
1593717.7265570906
1626841.998760073
1649546.9040901714
1672507.8873809567
1696693.61504001
1721018.5533600682
1737562.807172874
1768314.9082909797
1794257.9109683833
1817592.7895743388
1838267.4187597116
1857931.0333662252
1870770.6917710262
1897454.439570113
1924858.734801175
1954421.706747756
1982457.3992813579
2016483.8451285926
2051916.3044605076
2064022.9817989448
2091446.880770541
2110170.68446841
2125323.6267965445
2150889.121871102
2168843.321354082
2185076.877233312
2211456.8058588016
2230850.298505878
2262239.678407576
2287942.3458055425
2314255.239697722
2333754.477380261
2359536.1904858723
2371658.60174557
2397072.4889753396
2424452.106958259
2445259.459419407
2470417.2222042684
2491624.933780582
2526910.6655812836
2555459.58133586
2582670.9327356564
2611164.302624052
2639841.067571769
2656865.2293485277
2685210.487815638
2708409.7268581325
2732436.8810020518
2761629.8079415755
2786922.13243798
2820279.050780066
2845831.526028141
2874338.5636182544
2901090.20553311
2927502.201331308
2961466.867903901
2984305.0162843973
