-7371.397689586254
-14458.484486188727
-19480.155449226015
-16732.13903305913
-23874.233569658732
-27172.730574271318
-30675.541958845177
-35458.69145575215
-38213.917420955724
-51087.03019092633
-55016.53539078499
-57875.97810545723
-62881.7831303523
-66106.00220016792
-71487.54705890361
-77487.51938764502
-80215.85542666705
-81214.18455608709
-86593.05497811404
-91033.91116826258
-96547.22398086073
-100635.53428593792
-106745.13898267352
-112142.23543521226
-116473.12374723444
-119285.48386224
-122731.47584363536
-125248.99711880756
-127655.81108337463
-129719.55248235274
-132262.4340383146
-133984.73460751984
-136039.9707144371
-138044.0466129968
-139461.31289561643
-140102.17411413448
-141131.8598354862
-143125.1771544847
-143950.92459955614
-144129.83125898038
-145972.65876051734
-147658.32029503066
-149158.80972343724
-150216.44114599962
-150823.41461377937
-152294.26505870218
-150872.03367630928
-148841.36482073087
-149491.7361015968
-152425.85599430473
-153453.85515702516
-153914.66880181895
-152481.86324226565
-148700.7876514582
-144876.0770438327
-141603.19001974785
-143649.4473180351
-140378.01417726802
-138249.6393785675
-133474.61065393616
-129366.82193724421
-127544.1907736258
-126486.86446805963
-121374.17470723641
-117033.44236600008
-111186.0001067845
-107513.79725309317
-102618.56822061513
-99428.04024588142
-94750.1037502022
-89742.2389755931
-84474.07948264996
-78347.13843142963
-71224.15469760311
-73305.716438432
-73045.2865463229
-76791.24251166053
-82903.718232756
-76713.45948168075
-67429.77513354758
-63744.40622396169
-59113.44808729565
-56317.661638698446
-52738.84760090418
-44526.840382923474
-54128.71976841404
-42899.509103383985
-37638.74689682059
-41033.15473203615
-38103.96577253275
-34950.53167482457
-32104.65746453523
-24314.073993337282
-22635.459757527435
-13323.437551294908
-9484.893586048769
9609.593475802847
12419.295333880054
17036.484769473816
16811.35987791275
17434.688086400118
19118.48900594228
20399.82979393959
23625.025156825344
29174.63270564387
28425.28985560939
28496.173778164488
28285.99699121662
33511.364940400155
37647.58502994752
44068.66937343137
55539.88501176965
64413.71497118064
74010.04067904776
72640.33129301581
81920.4896306932
94825.56665094025
107072.99679192874
116518.48263122253
122989.31511088915
123758.865969804
139067.49014819195
133709.09064079638
135141.04593129255
151806.57678740096
152878.00376489916
148447.26621132114
159004.77875343873
167396.23839658248
174229.9464466373
189126.84802433432
206769.7192999956
222280.31437317195
240502.15854715664
257564.2634801304
275809.2120280049
285318.5620141785
299200.1393324899
299887.48692433204
319767.5511128033
323290.1171077698
335595.7814272457
347617.9098636613
359776.9020318745
369345.35204223776
380579.2701935445
392678.82687227725
407150.34115646494
426517.08080748934
435898.00381158147
445539.8787468189
465104.77961854555
487861.758563787
503482.6530138021
531635.4153407114
561985.5630965655
580501.038012378
595894.9124757907
609643.2117075281
626311.3812017163
646542.4821051775
662832.8486325404
686698.0605292183
701678.3992016388
717248.3668008926
742938.8885603972
757936.257462213
780076.3797193199
788703.3996471427
808321.4494558417
827741.4366763155
845864.0393204194
867970.9117281095
897036.6588230784
911546.7608277793
920055.3037718117
932941.3531383381
943968.5540145607
973672.5871079596
998277.0121970755
1017431.1953330197
1042896.9172466022
1063040.4194150919
1089299.5388192704
1117344.465314372
1130778.790980514
1144943.0402736082
1183127.4244244962
1213868.9486461258
1233587.2328041003
1252041.4366125695
1273604.5335413388
1288028.7538360248
1307736.3896030202
1338688.0264521353
1353732.03438014
1383367.9592077464
1409912.8269346354
1430995.8844234284
1453264.7640788865
1471275.9382253888
1494602.147407079
1522704.2507509757
1540505.7388738482
1558008.5850310791
1579299.12103568
1606850.8808313853
1632084.9216041982
1655753.4748102294
1686885.7115122683
1705784.262258314
1718869.7726796656
1740146.8059372166
1766764.1395307234
1781810.6187323083
1816649.0877281576
1839698.6768302307
1869208.8844753704
1893623.895811962
1917716.3855154426
1945262.8885913242
1962424.9511123577
1985327.5566459196
2015096.6274520915
2049091.3696620776
2073544.0807974131
2100016.580612863
2130573.750119346
2158374.153291554
2184441.034763771
2199988.6666482603
2233286.7426826186
2262157.6611066484
2280064.5474009183
2315292.1849276875
2349141.7209319826
2377947.227458782
2385589.8632369596
2425829.395678137
2453175.01308317
2479627.3922419613
2505387.874439057
2512141.245445544
2535347.6863679956
2556754.5665318333
2581670.942877488
2613343.8699325467
2651860.2041483973
2680956.9418017725
2703369.142092977
2727713.5614633434
2753245.954822684
2772275.594173108
2791737.154827892
2827455.583014122
2851395.006744228
2878233.548212163
2903378.908356454
2928646.2099174475
2948578.198731704
2986398.988261639
3013156.245900985
3050559.5100038783
3081436.4776134016
