-6611.647035122507
-10340.948613095683
-14800.43486432268
-19645.28112380727
-27287.22972682927
-31973.958365514183
-42937.39439705308
-44979.776411981424
-49384.172941804034
-53603.86114623008
-57188.811412971394
-62578.24885511097
-66933.76663102124
-78914.4874648571
-86922.45773031135
-90634.89005752721
-94475.993783178
-98391.13210133767
-102562.84281483172
-108084.23897386935
-113395.57086665556
-121594.46140602026
-128393.1871016687
-135863.44795224504
-137631.682626698
-143240.0509081481
-147522.48361960464
-151799.43953350856
-155783.67163319435
-158422.81529809805
-163345.24699146795
-167013.27446318069
-172503.95570843873
-175187.64187870073
-176479.77461408326
-176190.827242449
-178058.15725778334
-179291.36520431915
-179834.66310769846
-181076.16301341384
-183093.51766014603
-184588.18772497532
-184704.31523184685
-186454.50346817472
-185754.80825336228
-186377.14616898104
-185133.21411315672
-183310.01322488382
-180640.63302836596
-182046.81170625193
-181729.52470329203
-181010.75548318165
-178447.98752325014
-174856.4191237607
-174665.4916995491
-178031.31992297235
-178308.99241657436
-179029.69938737605
-180435.45301802046
-181630.96042830456
-183866.56027044365
-184647.78616654113
-178329.16140405848
-174176.72610865897
-168663.67507416222
-160971.00668366364
-155133.0307372433
-152949.99443365374
-151662.72247179237
-151934.77125962457
-149240.3222512113
-147700.6001287203
-149851.01574775577
-151090.92059925004
-156104.22834265282
-152626.69947868618
-155758.92028337886
-152785.068685335
-150447.61767376348
-150798.7515677072
-148681.79303001717
-147901.37980287647
-140816.6831288595
-135302.4813666831
-127424.04314559899
-122938.76410752867
-117985.28407388095
-114523.8500057138
-110818.73153184922
-106389.81218270022
-102042.82332413128
-98874.46926601417
-96898.20762347658
-94760.38580229267
-91380.16643187929
-88394.06969632044
-83601.1482287986
-80897.99983893432
-78605.24422470434
-70603.04503227927
-73308.76148896084
-66033.23042563094
-63989.54870555313
-65684.65504407621
-60894.082251395375
-56918.11083070961
-58461.86842622627
-55731.16033452117
-45882.43208914952
-40132.53669638552
-40981.905010292496
-40409.6263776755
-30379.517168244416
-22637.862454865764
-21737.23343831696
-16423.725159248977
-14816.919500733373
-10035.66519713192
-8945.621988909912
-8327.073784071432
-12085.792704012205
5095.771572584838
16489.24665902613
25379.298323221847
49804.11226725512
59292.2118370272
57368.95061250405
66334.93168382431
72674.40323847756
68119.39973985487
69908.75523871201
85924.70444495819
90378.42284130663
97530.23320985395
114770.17671267052
119437.09525935628
123725.45930348871
139733.98493204036
167309.55394241284
183645.66261182973
205909.1054538283
212989.4516585351
230831.25542877638
245967.28808468374
256411.80931591382
275157.46571325784
288001.19044414774
302697.2282192132
301165.38166819105
298783.975501029
297446.1226017185
299049.6065242854
325086.6022205531
343370.70752596477
355102.88411768305
365880.151467362
384542.74857973127
412210.68337616837
425145.01397978835
437917.87320813467
438041.3202454976
456462.76281832345
474005.9931638479
500269.80184383475
529041.5293309954
557661.2186447567
563851.0920711214
581694.052058171
585330.5088511317
596176.5589099721
621197.9955505965
635823.5375523525
659024.5213424073
684177.0722878778
713609.2009445312
737337.0136183082
763882.7535336354
775772.3248337542
799641.0162650573
809514.5493350277
838668.5228825136
867985.5247159646
887958.0523611167
915551.0384500531
932797.2271811845
950192.2035698275
966063.3840789902
985708.7941421331
1003447.2732618017
1025000.8499141143
1038762.2213744145
1068307.5787301033
1083073.8373975065
1092516.4974333064
1113607.581759964
1142961.8023009992
1154077.6628873695
1175927.7117169655
1203051.062894799
1229537.733663452
1250655.4807450026
1268981.7030819387
1283780.468019445
1306260.2838474049
1330548.494974154
1344983.6422255568
1366893.041690516
1395151.9480269763
1408012.3730573528
1430724.7829958883
1447344.6190112238
1475311.422211753
1500668.9109056694
1530254.8682512627
1556693.9594541076
1582150.38207614
1609795.347964595
1647318.4603861396
1674153.679575201
1697631.675067896
1722240.1230917687
1749054.9092908474
1769133.6407385026
1781907.8829921414
1813508.9899310998
1833232.4814677744
1857563.270979742
1884403.553204796
1911406.5045950846
1937438.5056298277
1960926.617445831
1987390.8758779631
2009830.974696362
2038168.8568376137
2065901.508582294
2089151.0473594735
2116295.0364726484
2140509.9002683014
2170099.655898805
2187365.12521512
2213012.8156754766
2238600.9059055964
2264022.4371462637
2293062.992099697
2319011.2079321775
2343668.8939227886
2374738.691713492
2392009.8956927713
2423058.8906748486
2456056.42865609
2476439.020972902
2486855.2246182906
2509407.43297668
2530947.1284126714
2556841.9030635552
2574238.067438832
2596899.900161694
2615512.369999257
2649503.582737518
2673606.406622154
2708625.8632386965
2733122.9333969792
2760683.109360914
2788809.405402172
