-6539.9553130968325
-6400.89182835355
-12990.54252345294
-28296.072893358138
-24795.50553829277
-31656.300572661192
-46330.915835217675
-47408.10410032509
-55181.928499148926
-58463.68398594826
-65357.346261732426
-69804.51499581512
-72390.46607371393
-79211.06151380185
-82952.08434702987
-91941.32097989392
-90094.43722063291
-98379.63736049022
-103487.81804215771
-110002.26573579473
-114010.65365860019
-117483.31747205374
-121479.91054504042
-125414.93065756063
-128440.08393167675
-131374.41773341704
-134489.4514600167
-137066.0748312768
-138944.58236572085
-140817.48756691418
-142574.30899010343
-144908.62863384225
-146416.62703831831
-148027.44241429877
-149437.2036607388
-151401.02418473532
-152942.1941203074
-154415.19657984088
-154970.4677068826
-156654.33675577544
-157742.06641402756
-158439.33202138066
-158131.3815040396
-156878.04946076844
-155787.02264346447
-153995.80933947698
-153296.84329616325
-149255.71439189394
-153205.53218767216
-155604.04708823172
-155500.67488343158
-156613.33715997596
-155032.14757074582
-156933.97862034812
-161722.42244639524
-157486.54113837736
-154882.93068122986
-153859.79393148283
-151822.22378906448
-146821.25007354608
-143817.77879059137
-139689.73699571015
-136021.31047465972
-131976.8257319706
-126447.87352377281
-121956.60249317873
-118565.06676953413
-113467.55247842615
-110044.04360523562
-105323.07176395196
-101144.03736910484
-98178.91043592201
-94947.64177402231
-94143.7311873629
-90058.50033032175
-86342.70276371136
-86569.20214740644
-87229.15627598648
-82499.71261903942
-78899.73616995402
-75720.00139084841
-64133.46754613152
-73183.6537541582
-62172.14991720643
-59919.109833655755
-61415.358154815
-57665.41615683224
-56566.61689644835
-52011.13174609772
-42515.990695889304
-48395.8918125748
-39239.61868117452
-36481.10110700747
-26047.254553584247
-16459.84520220688
-14348.115681263209
-7863.080304672523
-2072.035273824457
-2582.987894905393
5936.272241894908
23678.72883484204
34384.37779859863
41785.373805338604
55834.001052557425
53867.01374363942
77602.38674818084
90217.88004920045
92819.86130153302
95690.66501150689
98547.68504475833
101196.31275029099
103748.24115249235
106401.53135344735
109152.93288116404
124839.4706750769
128327.7361978198
123108.09984049862
127753.76794866931
134122.3793948129
138781.71894619107
144545.09090725024
149499.36814244612
173429.0251523448
180302.38181691986
187826.89189403297
197452.4388526615
205777.2007082259
204140.67550747455
203287.34125686865
203476.45631091177
213617.14603218395
214376.00175937166
209376.85069422817
217563.7246438365
240651.7423566296
250319.22335148792
255767.45382171747
268493.4188972932
278516.71924792876
287745.5955384818
297923.7864502988
304443.19075112755
325676.43635211297
333454.31856672827
342151.0929418295
370695.71741870674
380715.8865334782
380962.12335367483
390898.99172381597
403679.8635454612
424926.5162007202
424514.5149598514
432852.1442192048
453719.980473685
461894.0235884975
494310.9419633564
501697.44829796185
519703.48842032143
526859.9025839298
548292.2279633052
552939.4340700293
564948.1738466256
579136.6555775957
588612.8372177593
617560.9701256481
632384.0274785288
662545.2520798001
680797.875410746
687842.7309830033
707020.2157515638
728083.598820264
742843.7890622846
769852.6491184516
792880.6933778914
810228.2125947507
819606.6109781372
846926.9398081724
852280.2121595824
861618.3891057508
868762.1913067864
887498.0795798306
911683.9632387205
933019.6835278911
957000.6587112029
972062.2348029305
993227.7417295637
996002.4168936562
1019943.4552806373
1024815.7030857615
1057971.493143828
1074663.8816179554
1093593.2697546824
1116327.4205032035
1145442.9423588815
1164157.9071253089
1192867.4035546698
1216366.0364853125
1229212.3410139412
1241755.722142362
1272695.0340874863
1292308.8286822215
1315604.1455669357
1339881.3787858398
1362074.071727047
1379042.2660396
1404365.502586121
1425037.9945411065
1437448.781062117
1463265.9344046698
1490273.6528958234
1512722.1888685336
1531955.6353162136
1537309.4607053713
1562901.7519337474
1579862.8694092894
1595965.4158859483
1616807.4159292367
1635951.6117928203
1662084.7851208106
1683064.9471501296
1711308.7195587945
1736075.4999948484
1770851.2117541505
1785546.9059563372
1817744.9246850985
1826563.5270615055
1847093.129002769
1871273.2276102977
1896451.762523674
1914996.8125270563
1931551.2982088928
1942940.0459461522
1969289.9141697513
1987819.6639764963
2014001.1837135067
2047158.0498231703
2070796.1496944663
2089391.5477454178
2111672.3322571814
2126111.1659055846
2150176.2951727696
2166549.7324214466
2190031.2203294532
2213545.827052127
2240549.1967820274
2270549.969020639
2297446.83621331
2326536.4699027133
2353986.0530989585
2369795.4505623854
2385996.5279764785
2406164.948206639
2431384.732787261
2464414.268625769
2479857.76693522
2499145.9617632413
2525607.3367995694
2559834.0451044184
2583544.3003386385
2611341.4930769666
2639055.9000264835
2670537.3815027485
2695845.550833028
2719299.7801125767
